100
6324
1
100
perf
0 1076.73684056 770.51300242 1365.18774969 882.55053585
1 914.20914413 4568.53413245 1302.41793375 1540.73992634
2 893.05051930 4814.35488233 927.00090946 1241.98484918
3 4537.21087887 2885.58055625 1558.41207511 1251.66281064
4 134.07946665 335.32464884 1400.84091587 1292.62883580
5 5157.98928359 6002.44099497 1496.02567685 1175.36391835
6 4458.81278343 4788.22443692 883.25534402 900.47702436
7 5959.86053614 1452.00915234 1445.33012679 879.60285099
8 2221.52215476 3512.03227718 971.65338684 1182.34033404
9 1757.56640668 5543.81706653 1142.08026038 1121.68185421
10 4035.17194591 3904.41449174 1573.16670339 1071.63676416
11 466.99504504 6079.70719209 1532.79957479 865.40800403
12 92.03183799 4496.70168198 1367.53683983 1446.71017030
13 4176.14267696 3936.25519060 1041.07408864 1079.46081764
14 2401.47962752 2746.76682266 1189.43784200 1045.24808558
15 4197.77597795 2106.47767065 1134.35093694 802.41603473
16 5617.50994783 4199.70630605 1194.25636914 921.92610818
17 3420.52336964 6041.78200101 1253.10796239 932.00666671
18 3623.19648980 3638.04672329 1213.14343087 1301.68560713
19 3394.75391244 2995.59668493 1376.59361117 1226.23602273
20 1169.29836397 2981.10083351 1091.94619303 1458.64143354
21 594.35602412 4415.76561761 957.10225081 1164.84784603
22 839.53243733 4523.88990393 1419.59593162 1420.11267040
23 307.36757164 1460.11334685 1432.02870550 1531.09390686
24 5658.81965585 2038.63597664 872.02001467 1135.02683634
25 1757.41797471 4352.64715153 1276.53350305 1463.03950240
26 1667.69387188 946.11647547 1183.72510917 1423.25608602
27 3940.71316040 1511.07204000 1068.49210839 1429.20343441
28 4491.17287351 4635.04040676 1306.84486758 1426.14213755
29 2727.80602143 5462.84906367 1009.98998321 1236.30829705
30 3663.73896465 465.54035869 1075.42096709 1286.79527316
31 1924.65370554 1088.25341906 1236.88917965 947.98397498
32 3125.88939571 4222.93792090 1292.51081169 1400.85644991
33 2252.58506949 1580.85471907 1282.89595194 1280.43981422
34 2525.97119749 761.72782544 1122.69589987 808.34118674
35 2271.79986544 4880.96026339 1447.04462115 845.38895130
36 3193.00067015 3059.14844756 1481.03108885 1530.58489239
37 2198.99750828 956.86618291 1185.89318908 1523.32381871
38 1421.40654160 5441.79202731 1229.11909150 1208.63976991
39 207.04544342 756.82705615 1366.12374526 1206.99857524
40 4978.76497706 2297.34998952 1026.85502478 903.95463648
41 3877.20470859 5829.16404447 1393.89445069 800.40011886
42 267.89186697 1161.35571656 818.24130597 1107.81181854
43 6041.31597995 5473.55614328 1162.70076984 1154.40466776
44 2209.70458789 2178.16610795 1103.98956015 1341.51202262
45 3134.03229086 5670.26848908 1283.83584096 1359.85991728
46 4789.06051344 1132.28156951 987.49968719 1414.96073414
47 1888.10862566 6180.03268814 1040.95930901 858.38066798
48 2154.38267471 3894.28300848 971.83530445 1544.43685962
49 3400.44705000 6276.85264014 1554.33697884 1248.93734834
50 1115.20835375 9.62354745 1566.24916688 894.59846306
51 5482.17969073 2859.69512664 1258.50313119 961.53962706
52 5036.86123459 6250.96431961 1512.55164968 1021.43472507
53 5598.23280574 3399.02494097 800.29464198 1298.57234559
54 4530.30651048 1654.83143458 1132.53307936 802.30562561
55 1511.86411977 4739.44007497 870.18629359 1248.67574993
56 2310.72308051 2088.51238814 1212.11260954 1504.37203266
57 2042.36502533 3159.59746421 1172.30938063 1185.07145779
58 3168.22101166 2936.53970276 1289.16992085 1081.39208366
59 5795.23482940 1409.93868777 1252.43171072 1354.19027780
60 1337.90300443 3147.87135286 794.62500250 867.04118284
61 223.89629089 112.32194147 1375.11352843 1384.71327341
62 1766.15337604 1089.82840243 1396.51889902 1200.13173565
63 5828.26847741 5484.90667639 867.80748521 1017.44571721
64 1250.41906158 3991.09846807 940.81774951 1201.97814310
65 827.69592933 4256.67073592 806.04960053 1289.89755486
66 870.21043573 4113.45517585 1580.78963889 833.19416004
67 5522.39386361 3693.60261850 1396.88443821 857.55831607
68 518.47396842 4883.53090973 934.09949891 883.07555995
69 4994.85285120 5824.86180754 1477.28883372 845.14305958
70 591.69020703 4018.19099820 1254.77479522 802.49862982
71 3180.09767459 4332.28801629 1029.44434703 1344.23971527
72 2000.38648436 3114.11192490 965.21785838 1143.87205758
73 1047.78265787 1522.65828615 852.76961245 1030.07490396
74 5635.11346199 497.31699512 1072.76906400 1394.87955408
75 4189.91961361 785.97968197 1461.93787015 1378.98530986
76 5668.51059465 197.23686890 1471.56086980 1333.09202809
77 6021.09867644 4618.33690497 1387.73508767 826.61003006
78 2313.52790317 2168.39339320 838.60865988 1477.17036052
79 177.68140949 2296.69779849 1240.41007542 1062.59453814
80 5409.80972339 4996.44313407 1415.96659572 807.20433049
81 196.10142022 5501.14966224 1046.77923445 1519.38237336
82 5997.46665736 4308.02383655 1333.26192707 1273.57605935
83 5093.00352147 3389.52639556 1071.56136884 1345.36474319
84 3585.76326446 1373.54369434 1097.45677092 1200.98756121
85 5990.88060225 910.24722328 1237.09759127 1038.12937697
86 3077.64061648 3957.39838051 934.29973712 1197.29390407
87 6253.09618195 4749.17638827 1469.38844221 1458.07436189
88 3422.61952234 4110.54022738 1474.77869238 1242.73313905
89 3288.68988667 1201.08375853 1181.11551205 1160.88670485
90 5508.10759803 1143.65802670 853.46276383 1325.30802557
91 4532.18442226 2752.32266506 1089.67276839 1014.81440151
92 4124.86635940 4848.50277991 1425.30196272 1264.61831238
93 5757.75000319 2327.46044316 1512.24768935 1104.52313901
94 6283.85882368 601.18953552 1511.31704308 1567.36506321
95 5349.36592673 4873.10256547 1444.43942510 1096.59498500
96 2660.64278990 4381.35918579 1548.82812405 1534.15176856
97 5581.44294727 2867.64220758 1114.03847304 1386.38226886
98 4010.30023427 3092.03202972 1130.69029406 1067.89831082
99 5843.35469478 5114.28688274 1292.21271233 1246.17174048
